SparkFun Displacement Sensor Example
One axis displacement sensor detected
30.38
55.44
53.53
114.26
198.51
205.80
149.83
120.95
126.55
74.81
-99.06
-303.50
-274.84
-16.06
176.14
196.75
187.46
210.70
200.05
164.17
116.16
21.28
-39.60
39.73
140.88
169.79
216.67
256.57
245.66
237.33
237.33
247.51
200.28
24.89
-68.34
44.17
141.25
117.84
39.53
-8.60
25.65
83.04
89.63
17.70
-0.45
142.32
294.76
310.11
234.04
194.25
219.41
221.35
183.93
117.55
-21.43
-68.28
82.29
185.42
90.49
4.16
125.45
227.35
119.98
-28.98
-50.50
55.13
149.00
148.07
39.21
-113.62
-167.11
-48.89
151.85
258.76
230.45
170.59
175.36
221.52
199.88
153.85
186.20
219.89
164.67
79.14
75.02
124.00
128.68
88.34
42.98
-50.74
-137.97
-42.37
104.78
46.50
-134.61
-129.23
156.55
298.41
54.02
-176.58
-193.67
-155.70
-139.61
-140.61
-144.40
-144.40
-137.33
-130.90
-129.20
-131.46
-144.03
-132.59
-96.85
-60.06
-42.81
-46.48
65.51
195.22
157.58
136.47
214.95
236.23
115.56
-34.52
-118.40
-171.83
-133.11
-13.25
24.83
-19.13
60.07
200.00
213.69
204.04
238.16
255.79
290.16
321.04
260.88
161.12
41.69
-8.73
98.41
192.12
198.51
200.37
178.11
113.74
124.05
181.82
181.82
172.63
165.66
153.47
160.09
182.54
205.76
258.04
284.54
198.10
129.23
145.97
182.22
216.70
219.03
178.98
115.13
72.63
97.28
168.09
229.59
236.64
137.39
-11.67
-20.49
130.26
209.24
166.08
189.09
238.85
184.13
77.21
26.93
101.62
131.97
70.88
152.12
252.09
225.44
211.99
209.64
135.94
37.78
-78.02
-163.74
-197.91
-197.91
-4.99
210.82
177.77
50.77
63.08
160.80
239.62
249.03
91.97
-80.24
-75.00
65.40
203.29
251.21
259.08
277.45
281.63
261.60
241.91
275.74
224.69
48.40
25.74
174.49
279.23
244.73
181.97
193.70
219.79
169.51
87.23
100.81
162.82
168.26
138.41
138.41
154.89
167.56
202.28
205.08
150.08
83.61
24.22
18.01
70.81
146.88
182.08
149.26
76.63
-24.58
-85.14
-75.39
-73.15
-113.13
-133.46
-117.05
-19.10
91.88
81.71
92.76
166.40
209.87
124.45
-69.76
-155.15
-93.94
36.64
192.06
204.30
63.57
60.90
234.22
285.29
89.10
-40.30
87.76
205.96
123.25
-7.74
-21.81
59.33
84.27
-11.02
-29.77
63.48
15.84
-91.08
-60.34
-27.52
39.87
114.70
9.61
-101.56
-29.21
46.93
-1.32
-33.91
-2.98
92.63
199.97
230.27
183.13
51.89
-76.05
-86.07
-19.60
-38.65
-41.35
119.93
154.96
22.18
26.47
139.69
182.70
123.92
98.76
165.53
219.74
236.13
273.61
319.43
268.91
137.52
64.21
26.57
-75.11
-152.02
-183.53
-141.05
33.82
120.05
62.61
75.97
142.91
119.78
5.85
-47.76
64.74
155.32
126.05
110.87
130.07
152.06
81.73
-43.79
-33.58
-10.44
18.46
152.35
266.42
348.20
349.06
237.20
120.58
32.44
-1.88
68.65
165.04
199.67
208.34
220.24
223.81
215.16
188.88
119.94
25.86
18.32
141.92
219.12
121.42
-26.70
-90.16
-36.57
2.52
-58.27
-101.54
-56.62
17.39
-9.95
-44.43
57.56
171.25
76.60
-89.49
19.08
202.11
214.76
199.56
210.93
190.61
142.04
130.30
85.24
0.02
53.76
110.52
27.75
-61.52
-102.50
-53.79
73.85
159.93
186.70
179.54
140.79
116.60
106.79
103.60
137.21
207.94
271.90
275.56
163.11
32.46
98.99
251.28
162.93
-30.26
-17.85
16.82
-54.87
-47.95
90.03
207.16
230.46
146.46
-11.57
-58.54
-33.65
-9.00
5.40
3.79
112.18
228.89
232.46
211.25
218.49
271.09
313.56
227.35
28.80
-66.50
30.78
126.84
162.44
211.00
255.63
203.14
55.88
12.45
109.84
191.77
153.23
45.44
32.10
54.27
-45.18
-151.34
-138.09
-88.73
-102.97
-149.00
-96.50
95.25
184.72
29.59
-143.95
-190.42
-129.08
-66.80
-98.04
-135.22
-126.25
-102.15
-41.56
49.34
75.47
-0.11
-107.97
-123.22
-35.21
24.72
-6.48
-74.12
-58.06
-41.18
-118.54
-130.64
-77.50
-93.84
-147.89
-158.54
-125.37
-100.37
-91.86
-57.66
-31.57
-49.90
-47.24
-4.58
20.32
19.38
31.62
28.42
-42.13
-128.80
-161.94
-151.68
-136.24
-129.41
-73.97
29.26
39.61
-55.91
-100.16
-39.34
2.36
-16.65
31.38
80.12
-7.89
-29.91
46.62
25.74
-0.17
41.86
59.88
10.72
-39.05
-22.00
3.40
29.43
125.81
237.72
249.29
95.35
-127.62
-142.33
-1.53
33.33
108.20
252.96
269.48
229.16
190.82
174.17
214.75
231.03
255.12
260.96
135.65
8.81
-9.25
30.36
29.32
-14.90
54.73
210.58
247.44
189.13
162.17
96.12
-53.98
-106.14
-21.17
11.70
-54.17
-77.93
-6.98
38.75
8.65
22.65
160.36
186.39
-17.85
-144.57
-101.62
-57.27
-17.10
89.20
156.93
118.51
68.64
20.33
91.08
196.38
131.89
86.40
105.70
79.83
14.86
-113.49
-183.02
-125.83
-88.53
-65.70
11.97
50.78
-26.66
-126.10
-99.94
-4.79
5.75
-5.97
13.74
69.73
189.85
257.28
213.78
63.89
-117.01
-132.55
-7.22
103.38
163.70
192.80
210.50
200.36
165.88
170.83
217.17
229.02
180.27
167.20
234.82
243.41
129.25
33.72
76.58
185.20
214.51
143.77
77.90
113.51
204.73
226.12
202.02
230.83
278.33
212.63
74.21
47.71
59.33
59.33
87.29
37.08
0.63
62.64
82.30
92.93
156.79
184.78
132.71
0.94
-61.11
63.94
207.29
225.02
171.34
108.00
91.02
115.10
122.82
134.43
91.60
17.92
34.03
63.38
29.55
-32.23
-85.16
-149.02
-175.24
-88.86
-53.78
-125.62
-106.69
-3.53
7.02
-3.97
4.31
-19.56
1.84
-17.61
-137.49
-173.40
-72.10
75.91
165.90
169.03
187.65
126.09
6.70
-51.72
-102.27
-70.09
35.94
69.64
119.49
177.96
11.89
-165.13
-115.94
-61.52
-110.21
-119.33
-69.80
-81.33
-118.19
-110.73
-105.90
-77.11
86.05
269.44
229.35
77.59
31.25
68.00
138.17
207.52
231.88
221.15
184.10
94.14
-31.87
-115.13
-115.13
-42.57
76.88
92.84
-42.32
-114.53
-81.74
17.33
165.99
112.97
-72.64
-77.92
24.88
132.66
222.87
243.69
204.17
146.60
122.99
109.93
101.59
111.40
130.94
206.20
278.84
258.46
269.25
286.04
129.97
-41.08
-90.67
-111.29
-128.16
-133.65
-134.29
-127.91
-111.76
-70.53
-39.26
-65.05
-37.54
-12.69
-50.71
52.81
126.68
28.18
-12.19
38.92
71.34
67.33
96.26
160.98
196.53
187.51
158.23
133.66
106.67
11.89
-97.38
-31.90
113.39
80.37
-33.77
15.09
167.43
249.91
205.41
108.40
104.42
143.58
83.75
-21.49
-31.30
78.41
135.22
51.71
38.98
49.92
-19.50
52.30
200.25
275.87
304.74
273.27
221.65
203.66
223.11
258.21
265.53
240.60
236.17
210.92
153.51
119.23
76.18
36.09
-3.69
-26.18
47.73
129.97
126.03
108.86
163.25
232.37
217.92
168.08
131.77
70.68
27.46
74.75
166.31
192.11
76.93
-30.21
60.32
157.70
143.31
166.95
186.80
151.96
152.96
47.63
-129.62
-11.49
228.17
255.57
154.51
84.91
87.15
98.17
81.27
61.56
28.83
11.30
37.24
27.71
-12.08
5.49
119.83
229.12
248.25
208.88
85.52
-97.69
-164.13
-93.02
40.52
219.65
252.90
70.07
-66.00
-2.19
119.12
112.95
-68.43
-229.69
-167.39
-31.68
41.48
105.64
189.85
282.90
305.95
234.86
111.70
33.80
46.20
95.31
116.38
155.16
254.31
279.46
241.88
205.90
118.21
39.77
79.91
128.59
123.43
142.25
156.07
177.68
183.12
152.94
177.49
221.07
210.89
169.74
154.78
202.78
272.19
250.81
128.42
84.79
98.36
65.73
130.24
225.51
192.43
101.64
54.65
79.52
148.56
220.68
231.21
197.38
183.29
184.49
138.17
67.92
88.45
140.52
128.73
128.73
150.30
96.31
-25.81
-60.46
44.25
133.30
127.04
98.91
123.32
69.96
-51.22
15.80
201.23
150.92
-69.81
-84.08
-5.09
32.88
121.52
171.75
124.24
58.37
68.33
96.18
44.83
-20.21
-9.96
48.51
123.40
110.34
-81.37
-166.82
5.75
149.80
114.02
17.14
-12.04
-58.59
-149.69
-147.75
-53.24
79.35
172.90
205.57
217.30
213.40
213.40
199.82
163.42
186.38
187.26
94.54
121.29
229.23
255.26
163.29
-6.04
-19.37
125.01
192.70
189.37
217.61
233.36
111.96
-103.92
-172.97
-50.44
59.64
26.70
14.87
117.71
112.78
-4.43
0.96
89.71
120.58
-5.17
-171.72
-149.11
-95.39
-76.34
-17.53
101.42
261.97
281.22
142.89
32.17
63.17
124.74
68.68
-3.64
44.90
103.53
53.14
-3.10
37.19
117.38
167.53
136.93
26.35
-41.17
-47.12
-49.06
-0.42
51.04
12.36
-53.33
-37.06
23.53
73.83
146.66
46.09
-141.78
-77.80
67.65
70.09
18.71
74.59
199.29
225.84
155.37
56.66
-36.31
-23.47
44.52
-35.12
-195.92
-234.43
-176.36
-137.17
-134.31
-141.12
-107.43
-25.51
-12.10
-65.81
27.25
195.08
207.97
170.41
93.18
-58.24
-147.46
-138.83
2.06
120.16
40.21
-69.49
-70.12
-42.29
-15.24
87.61
181.18
105.50
-35.10
-32.17
71.71
149.40
197.70
232.44
232.44
205.86
182.77
180.01
182.92
184.15
193.79
174.50
130.05
153.97
225.86
237.12
209.29
164.96
146.65
208.23
259.80
240.82
192.97
170.07
108.98
36.44
69.08
155.49
226.09
218.51
171.02
183.06
227.20
220.87
175.46
129.73
74.51
58.42
96.62
110.77
92.20
98.47
118.77
135.67
138.13
106.68
68.05
60.38
128.41
254.64
296.49
218.66
124.70
63.73
76.19
132.47
142.24
142.87
157.89
130.81
99.14
119.01
151.40
174.34
180.27
145.03
104.61
92.92
115.72
157.46
169.65
91.30
11.76
79.40
182.12
184.94
136.32
129.40
179.83
201.21
171.93
167.29
182.55
165.29
156.42
184.86
172.19
121.59
136.40
183.91
189.95
192.05
198.92
180.00
150.87
136.10
143.28
171.27
204.27
204.27
172.15
136.86
118.99
132.61
147.13
135.61
132.60
95.65
14.99
30.67
61.42
26.93
41.72
32.59
38.60
166.94
250.57
230.63
208.95
223.96
246.57
229.55
199.78
232.54
326.82
356.08
265.94
177.93
197.71
278.13
272.88
216.22
244.06
280.79
193.53
71.53
90.56
50.65
-102.49
-15.36
192.73
188.63
84.21
104.86
212.09
280.52
278.04
232.11
182.58
185.10
184.20
181.11
255.42
253.49
170.79
163.02
215.75
257.40
234.47
186.34
176.31
168.95
166.86
218.31
252.57
232.84
221.43
167.99
73.00
44.09
94.05
140.23
143.10
123.82
108.68
145.86
199.84
208.36
193.26
231.43
286.51
213.08
111.94
131.53
194.46
227.97
241.47
174.38
61.53
82.62
144.38
92.66
29.80
75.10
177.25
220.67
200.56
178.70
184.89
230.03
297.61
312.84
243.99
119.08
-32.53
-123.86
-86.69
26.91
115.27
129.41
118.89
123.15
127.65
139.14
162.78
170.33
173.13
191.69
215.34
238.51
241.63
211.98
183.70
197.68
200.38
170.47
165.52
190.70
115.96
-18.54
46.40
217.16
269.90
203.42
132.99
59.26
-17.20
54.85
150.18
37.99
-145.09
-105.69
49.57
66.05
54.86
151.99
255.18
212.97
19.31
-94.78
-14.81
83.02
97.45
92.40
154.63
245.14
286.06
278.86
263.46
265.26
254.63
224.70
222.78
245.49
227.82
178.96
163.00
182.57
211.87
246.27
135.28
-44.22
10.55
142.82
192.12
102.47
-52.65
40.58
225.57
277.19
271.32
237.08
215.50
232.86
219.36
120.29
48.46
131.27
248.51
275.65
246.21
64.25
-133.51
-9.80
147.22
109.60
105.47
146.04
130.81
91.39
112.15
201.66
282.78
244.87
170.17
196.25
235.25
225.84
249.64
290.23
271.85
230.44
195.29
166.60
176.98
243.60
276.58
223.00
133.19
89.80
92.67
27.61
-9.04
93.50
202.93
247.13
229.79
138.51
31.13
-52.09
-86.44
-91.67
-60.97
36.75
126.97
185.57
188.07
160.26
154.28
114.41
12.43
-68.34
41.21
190.97
105.45
49.50
171.73
169.59
31.56
-33.08
-5.09
9.75
1.52
77.94
137.79
93.57
106.61
163.81
161.15
99.35
60.90
141.64
240.03
246.26
229.69
221.44
240.42
282.18
248.69
189.58
192.92
197.38
191.76
212.72
222.47
180.19
109.76
81.26
67.35
51.50
111.88
205.12
220.08
121.16
32.29
64.19
114.34
146.57
184.94
190.73
161.20
151.81
145.57
117.45
142.74
183.93
216.50
239.23
243.06
240.48
123.54
-8.95
32.55
140.49
205.25
171.18
83.92
123.13
186.61
114.97
50.22
109.67
207.37
233.39
165.54
129.77
144.49
42.53
-74.34
-44.03
2.92
25.67
54.55
-32.35
-105.94
-21.51
72.59
144.21
202.00
221.27
211.80
182.15
190.31
172.57
112.98
154.23
233.25
235.30
230.01
172.01
0.51
-66.46
46.18
139.78
138.42
138.42
118.93
53.30
-36.17
-98.29
51.28
236.29
162.62
-12.80
-122.79
-120.44
86.32
206.84
62.51
-3.83
98.86
190.19
219.96
187.43
151.18
168.13
161.05
168.10
225.24
230.27
191.11
108.74
68.47
105.10
19.08
-7.15
104.85
51.68
29.11
117.11
4.15
-150.27
-146.93
-108.11
-34.46
102.66
140.75
32.49
-49.53
-77.56
-68.49
-34.58
12.42
133.85
240.23
263.96
241.82
223.72
209.28
185.95
158.33
118.22
138.87
163.81
131.77
132.31
161.71
190.97
224.65
233.77
226.72
216.31
229.81
272.72
259.18
196.64
163.45
134.68
90.83
69.41
70.60
44.27
9.63
69.74
162.90
189.21
176.39
161.87
68.02
-100.91
-62.44
117.17
111.17
-0.94
7.49
119.84
120.87
-21.30
-78.96
-42.37
-60.60
-10.79
18.54
-74.30
5.19
178.31
237.77
245.76
216.05
165.61
146.05
120.62
110.93
138.89
89.71
19.94
28.02
5.93
-30.18
-23.88
-18.20
52.01
135.34
21.88
-174.14
-146.01
13.96
103.58
94.17
34.82
71.13
197.16
260.00
197.49
114.60
74.45
10.42
1.25
73.79
114.67
120.46
144.92
190.10
191.35
42.52
-118.69
-47.71
102.16
135.32
98.64
108.94
173.66
221.92
230.29
192.68
152.17
116.09
108.23
171.89
261.05
238.03
115.09
101.35
190.89
228.77
205.29
182.74
175.64
167.03
149.89
139.97
154.78
179.85
179.85
167.08
110.96
36.04
66.54
150.42
163.50
117.76
92.44
123.17
169.60
164.45
135.87
120.55
100.05
125.27
178.96
199.79
218.61
217.63
181.29
173.04
186.57
174.11
121.83
58.41
79.00
145.86
178.19
144.92
61.83
70.66
148.10
163.74
142.50
152.74
159.45
173.50
211.64
185.48
152.90
182.29
198.72
165.19
149.29
177.51
142.73
61.42
29.92
45.67
84.45
92.22
65.05
84.10
164.35
191.76
147.83
130.22
125.25
119.12
122.68
104.73
95.78
123.87
141.32
129.67
141.08
171.59
135.05
61.66
53.83
121.41
202.40
216.05
185.34
149.72
89.64
45.36
48.12
65.55
71.64
107.96
174.08
213.52
208.32
161.43
146.22
161.95
140.37
122.12
145.96
173.44
157.23
136.14
163.97
170.29
191.96
259.58
209.37
116.70
108.85
101.06
81.01
81.01
111.51
156.87
169.84
149.00
106.95
99.19
132.80
135.24
119.87
113.36
140.85
190.34
210.60
261.29
307.82
243.25
179.63
189.86
201.72
201.09
177.19
161.65
198.32
205.10
158.84
155.31
197.63
232.55
259.02
272.79
272.79
261.97
235.49
234.72
303.21
379.55
318.52
116.09
-12.64
24.36
88.73
114.15
88.78
74.36
87.02
69.10
103.14
146.20
135.89
130.87
149.17
172.78
191.30
182.77
163.68
195.48
203.33
148.38
117.88
106.23
94.84
152.09
229.47
212.62
179.22
190.10
171.55
136.00
126.46
147.98
177.13
153.02
108.89
108.06
102.17
61.78
54.84
139.67
210.69
155.23
44.74
5.09
38.43
42.09
56.61
58.31
-26.37
-93.88
-85.24
-13.93
28.03
-29.80
-92.29
-77.82
-40.55
-23.52
-42.89
-79.13
-84.66
-95.63
-118.04
-45.79
149.94
282.03
250.40
137.06
15.16
-66.32
-78.55
-46.97
-7.51
3.61
-39.56
-67.37
-38.14
11.89
3.60
-82.01
-136.14
-131.39
-127.39
-131.35
-133.69
-145.79
-154.56
-116.05
-57.96
-52.14
3.68
100.74
89.82
100.34
109.54
7.65
-60.21
-83.41
-145.13
-154.15
-3.61
99.95
28.73
-40.44
-90.79
-149.49
-166.31
-149.79
-139.88
-179.03
-237.02
-238.44
-141.94
-15.19
27.01
-13.41
-83.93
-131.75
-135.86
-126.60
-118.55
-117.13
-104.18
-86.20
-106.19
-136.24
-150.17
-122.39
39.73
230.55
232.11
125.07
34.68
0.28
79.86
94.24
-53.85
-146.15
-87.18
-3.20
-14.94
-72.72
-60.00
12.41
115.19
192.17
187.99
175.84
196.92
198.82
160.16
138.95
134.13
109.58
77.35
71.13
4.82
-106.95
-14.62
175.80
223.13
184.90
148.20
134.52
202.33
294.00
244.34
127.95
102.27
133.48
147.33
142.19
165.10
193.14
153.54
99.43
94.19
118.14
162.96
201.78
203.54
207.43
205.48
172.19
164.12
176.89
144.39
89.84
72.91
75.94
106.35
172.81
202.16
190.51
200.40
199.41
164.78
157.07
155.27
151.32
170.20
157.22
139.30
165.14
184.78
170.17
157.71
171.75
175.87
159.91
163.05
180.94
177.64
146.90
113.20
90.57
100.24
152.16
186.40
170.94
154.31
178.11
200.85
197.28
196.65
164.18
104.88
80.13
53.41
41.56
31.94
-44.01
-64.20
44.30
169.64
136.25
53.99
163.80
308.78
317.31
259.81
223.29
191.51
112.79
55.45
103.41
194.35
170.56
20.82
-114.81
-160.48
-106.00
11.62
100.58
64.78
-71.16
-99.68
36.86
170.99
209.17
182.99
173.84
194.40
205.25
190.52
157.92
148.04
176.08
201.65
204.64
191.50
170.71
173.54
137.85
-23.33
-205.20
-193.69
-13.35
39.25
-47.27
-73.41
-24.74
50.16
97.36
118.11
168.03
184.94
55.19
-57.63
10.30
100.08
131.78
147.32
138.47
139.57
178.02
207.36
210.52
208.85
188.90
161.61
155.33
149.00
140.63
172.07
196.64
159.13
144.06
207.11
259.86
232.06
170.39
149.48
186.57
208.90
173.94
150.31
149.48
124.17
87.29
81.46
120.12
153.62
159.01
178.19
235.81
277.74
239.68
163.74
124.63
146.53
174.30
145.09
106.42
118.12
167.56
230.01
264.92
217.85
157.77
169.20
217.80
236.15
177.19
137.52
163.59
159.94
131.04
124.61
149.55
190.09
210.94
218.58
210.71
201.84
250.82
259.22
179.18
136.40
181.18
184.86
71.05
52.02
170.63
260.77
285.95
264.68
215.84
169.79
148.32
166.30
198.79
134.30
-33.06
-94.13
38.05
172.93
221.38
125.68
-22.98
-26.33
-25.57
-65.18
-127.07
-156.46
-61.21
-22.29
-83.18
-95.20
-47.36
11.63
160.10
253.26
144.76
84.26
139.50
135.85
26.90
-63.04
-19.92
97.94
141.34
88.69
50.05
69.63
108.63
132.75
140.73
150.58
176.62
223.25
245.71
230.76
215.98
148.66
40.89
-13.26
4.71
31.54
62.53
141.40
214.04
161.69
22.98
18.74
105.68
114.83
119.52
189.97
237.79
273.54
303.07
282.79
222.88
85.81
13.17
99.61
211.88
224.88
87.99
-34.90
1.19
160.80
231.27
90.05
24.43
110.68
192.26
246.59
256.71
234.05
193.27
134.00
109.65
147.46
181.46
176.51
170.29
176.16
195.32
175.37
124.11
152.03
176.17
201.91
296.25
324.87
268.03
200.84
82.59
2.72
89.45
151.58
125.30
162.02
228.34
207.86
156.57
156.57
147.57
113.27
95.84
102.01
148.32
193.87
191.71
186.24
181.01
164.96
153.16
157.38
217.38
293.63
290.91
154.53
27.70
129.65
268.37
238.42
180.56
169.19
166.60
158.50
148.83
102.22
0.60
22.77
162.47
198.12
178.69
184.35
204.02
235.28
237.83
218.60
186.02
164.63
182.15
196.67
175.12
99.04
-34.52
-151.76
-177.29
-79.69
64.18
105.13
85.68
63.29
72.17
177.55
271.01
282.90
188.48
46.25
55.30
154.86
179.74
109.55
-11.20
-91.60
-121.73
-135.06
-141.18
-136.82
-7.40
180.92
137.09
-20.33
-82.13
-86.13
-57.27
-92.62
-127.14
-50.35
19.51
26.46
-23.81
-100.52
-70.47
-4.80
-51.52
-124.27
-97.73
29.03
94.68
10.54
-97.95
-116.45
-32.82
50.51
86.15
160.51
233.67
242.36
226.70
216.11
203.21
172.99
151.03
160.47
199.90
240.48
239.42
159.80
73.58
83.97
83.97
-13.68
-72.89
-1.51
86.95
-8.02
-193.97
-149.13
8.01
-6.80
-40.75
78.29
164.55
71.26
12.96
65.69
4.51
-113.67
-83.47
128.19
283.80
161.71
-49.88
-166.54
-188.56
-161.28
-140.31
-136.32
-139.24
-130.54
-54.69
59.64
91.37
28.11
3.80
29.43
-49.34
-125.99
-104.52
-30.41
33.23
-69.67
-202.33
-207.91
-112.03
27.46
32.31
-34.87
-4.47
71.51
124.18
75.64
-9.32
30.94
73.34
-18.12
-81.11
-76.43
-85.69
-66.51
-11.16
35.20
48.55
102.49
194.94
245.59
248.05
224.27
218.24
222.61
263.95
304.57
195.63
4.94
-74.77
7.42
151.12
242.86
245.06
228.46
156.21
-25.04
-68.74
83.37
188.30
185.08
170.24
189.59
202.69
176.43
172.49
261.20
307.61
241.44
205.41
196.05
183.93
169.53
138.63
151.74
203.31
212.35
173.07
160.26
179.12
167.22
135.29
128.57
151.84
185.85
202.96
167.58
164.89
238.71
245.01
199.43
183.78
216.88
259.74
188.99
98.43
108.19
130.25
131.01
153.05
178.47
167.06
138.85
136.82
174.53
209.72
190.82
138.41
143.04
216.56
217.49
117.51
74.59
157.14
240.29
240.80
218.87
197.68
141.96
90.74
98.17
133.13
177.37
229.18
229.18
185.77
162.42
131.54
108.43
177.29
245.61
189.81
105.22
87.38
119.15
155.02
138.83
102.86
124.58
193.41
218.94
169.74
142.70
160.87
153.22
135.24
137.68
117.90
99.46
150.51
218.46
215.79
169.01
142.15
121.36
121.36
155.93
169.10
175.86
158.03
110.02
134.73
201.33
226.55
203.91
150.67
107.18
96.10
86.78
25.17
-73.70
-115.82
3.28
151.89
82.88
-79.44
-145.28
-118.32
-63.96
-51.93
-50.97
-60.84
-41.72
77.24
168.76
173.94
169.95
128.79
54.05
72.55
190.48
246.56
204.90
157.90
170.97
209.59
208.70
188.24
178.17
188.75
171.67
48.41
-42.13
57.31
142.49
71.55
15.63
18.26
10.42
64.89
168.92
223.09
236.89
162.62
27.02
32.59
127.34
149.37
159.11
212.90
259.64
261.68
246.71
237.99
221.50
190.62
144.19
102.89
116.32
159.49
192.63
220.49
231.00
235.29
241.91
219.56
149.01
100.95
88.71
-15.81
-93.62
-0.22
108.91
159.51
174.98
203.95
252.45
254.20
217.91
177.54
138.37
71.30
3.79
13.67
-46.57
-114.23
93.55
314.98
322.11
248.28
195.83
192.88
196.82
176.02
155.70
188.87
231.02
213.47
152.06
103.17
114.10
143.23
160.40
158.94
97.83
11.57
-44.81
-40.33
-23.36
-67.91
-24.92
153.34
239.84
223.36
240.21
281.04
263.11
202.65
198.49
241.54
257.87
232.68
168.79
103.16
107.97
165.13
227.28
188.79
77.44
95.55
173.02
183.56
183.56
191.34
191.94
190.35
182.91
158.51
144.09
131.03
65.78
7.65
-2.93
-15.50
-42.63
-105.74
-159.15
-148.75
-88.29
37.96
149.99
186.68
206.71
144.02
-9.96
-17.11
142.54
244.24
263.70
266.07
228.42
166.69
138.40
141.81
158.52
127.52
51.29
78.59
174.79
198.43
168.40
151.93
188.74
255.54
258.35
188.01
159.13
216.55
257.64
233.57
210.54
229.80
234.56
154.58
63.63
79.85
157.23
181.02
177.97
201.75
229.83
229.83
144.69
60.56
111.94
178.66
151.15
122.21
120.80
177.24
284.21
248.84
135.54
111.55
55.45
-62.86
-77.82
16.36
108.89
171.61
222.50
295.71
351.45
299.99
245.76
251.61
148.10
38.82
127.86
222.97
198.32
172.50
175.84
196.55
193.60
165.33
155.85
157.78
184.97
198.01
156.34
143.24
211.57
287.84
261.31
160.75
136.24
187.94
238.57
261.27
247.73
234.72
214.94
108.64
-54.93
-46.53
139.34
265.53
302.65
295.09
228.70
170.99
188.90
214.01
211.23
204.60
136.85
47.17
69.86
170.46
245.82
218.62
64.75
-40.74
-1.89
36.95
4.82
-20.35
52.26
162.28
150.92
56.06
54.97
181.49
287.98
291.13
228.39
91.62
-62.79
-102.52
-16.97
120.99
209.24
217.52
192.36
163.13
165.52
206.88
239.21
230.27
214.61
215.27
195.81
201.54
250.06
110.76
-123.56
-69.03
140.68
223.69
246.86
184.69
-26.73
-129.70
-107.73
-174.35
-237.87
-262.76
-249.38
-133.55
32.39
129.62
31.45
-115.17
-153.89
-148.16
-54.47
94.14
15.11
-172.29
-120.00
52.72
179.85
238.33
211.36
168.40
159.11
176.46
142.52
54.13
60.89
145.05
189.79
193.38
194.56
117.69
-24.73
-63.80
7.57
104.65
97.95
-12.74
-28.46
62.39
111.94
138.55
194.27
227.79
227.28
224.71
216.77
169.57
63.97
2.29
111.17
256.73
271.09
227.43
228.53
213.13
164.08
160.99
203.40
247.95
243.90
204.30
157.23
102.15
120.64
219.69
174.16
-5.80
-22.74
89.35
165.18
191.17
162.97
101.95
10.17
-51.51
33.75
161.25
196.33
210.17
230.38
219.21
202.67
217.98
237.99
214.40
147.32
74.22
85.84
175.99
224.32
203.83
159.56
154.95
216.14
282.67
302.10
275.82
237.53
234.03
239.61
215.67
203.05
205.40
195.40
199.44
99.61
-121.49
-154.34
12.46
129.37
124.23
94.36
113.80
138.82
163.20
230.05
278.97
212.76
170.69
229.48
262.84
224.66
113.17
-25.92
-80.65
-7.14
-1.74
-91.32
-124.53
-157.13
-123.46
0.14
139.99
243.03
233.67
170.36
101.31
51.63
75.46
133.79
164.68
157.35
145.09
174.19
222.75
236.39
189.72
24.11
-156.59
-103.20
84.51
205.45
267.63
287.43
259.93
217.04
184.74
169.06
185.10
220.27
236.44
217.33
178.63
121.78
85.36
115.94
156.01
167.65
231.83
313.64
210.91
3.92
42.77
267.55
296.03
166.19
155.22
217.76
253.99
288.53
271.20
192.74
110.43
64.57
87.65
128.64
147.23
201.36
245.55
213.48
123.66
21.00
35.82
134.79
163.21
135.91
129.85
198.93
197.72
64.26
-47.40
-81.80
-58.68
-45.34
-37.13
-19.19
51.97
168.78
229.71
247.21
232.58
118.28
-0.22
60.90
179.83
192.57
145.42
113.98
111.72
83.42
61.81
56.81
46.95
117.74
224.02
257.40
249.40
190.00
3.43
-114.90
64.30
329.57
371.61
246.43
167.15
174.75
193.70
172.16
139.05
130.94
91.18
62.82
142.24
206.48
203.95
238.53
262.01
232.46
193.95
168.69
133.80
145.68
225.41
200.04
107.77
103.27
174.70
219.49
204.34
180.65
136.93
113.46
131.75
133.12
122.67
103.67
100.32
148.08
181.96
131.62
67.81
14.80
-134.57
-241.74
-84.02
85.44
66.42
74.83
161.53
222.53
202.37
158.20
158.20
173.74
153.49
102.30
126.13
190.69
194.47
117.18
48.95
64.58
109.18
188.83
231.07
163.65
112.85
126.97
148.55
178.21
189.97
170.33
177.68
228.58
258.59
238.88
218.28
206.87
191.18
177.74
162.98
183.09
231.93
217.14
180.81
194.89
194.89
164.69
101.34
96.05
210.11
255.60
204.63
162.74
38.50
-153.90
-199.44
-73.49
43.83
77.59
104.69
89.89
9.90
-6.30
58.34
-13.67
-166.50
-50.94
195.39
287.01
245.62
182.94
180.87
185.87
100.31
-44.22
-63.81
74.96
104.74
30.73
156.16
347.92
307.51
180.18
139.10
119.28
156.05
231.01
197.58
114.52
49.30
-8.42
3.27
83.15
93.73
-40.17
-163.73
-136.95
-6.14
129.58
155.09
19.20
-124.49
-162.74
-139.15
-130.42
-111.38
25.68
147.29
96.72
-68.57
-171.44
-124.55
8.47
165.53
129.08
-24.39
15.27
140.23
192.35
144.38
80.14
131.29
170.96
116.82
96.94
140.21
173.75
222.41
278.32
182.64
29.09
14.46
54.45
105.52
170.49
208.66
225.75
220.41
229.21
253.08
242.33
204.04
195.79
169.60
95.30
121.78
226.05
258.72
196.71
108.38
94.00
77.48
3.23
21.36
121.27
162.48
123.00
6.77
-89.90
-112.99
-159.44
-135.74
-50.26
-86.92
-129.65
-69.82
-45.86
-73.56
-40.65
3.43
-27.43
-44.53
12.66
14.28
-47.82
15.39
173.89
206.12
85.13
-27.56
-49.04
-22.99
-41.00
-117.83
-158.50
-146.14
-136.53
-114.44
-76.74
-86.60
-53.12
68.36
96.39
40.99
61.12
106.48
96.44
97.64
115.27
83.53
38.51
65.05
129.60
164.74
159.71
146.37
171.93
200.38
189.18
174.64
183.54
161.43
19.86
-163.39
-131.25
66.22
133.41
94.28
116.02
196.04
262.78
272.45
230.99
189.80
193.88
214.85
214.85
222.76
232.48
211.00
179.14
171.38
172.94
124.09
54.81
48.13
98.10
141.77
148.42
133.64
138.80
173.27
194.71
203.20
212.86
207.49
201.31
201.31
201.31
189.89
177.17
106.15
-3.14
84.68
250.96
240.79
173.73
162.71
174.58
190.84
188.50
147.43
84.51
46.51
12.04
-48.93
8.00
84.57
-27.61
-124.74
-97.82
-61.37
-30.66
8.20
44.99
-15.29
-154.99
-151.41
-24.66
49.43
94.80
140.33
151.93
145.30
100.32
46.12
90.81
131.54
66.23
71.27
149.98
151.69
133.80
95.14
55.15
64.23
30.23
-4.78
-13.35
-32.18
7.63
117.11
173.15
117.40
49.80
41.47
79.39
127.36
185.62
211.95
164.18
131.62
157.96
152.76
40.54
-34.76
39.72
124.68
166.72
193.34
188.86
188.86
222.03
250.39
231.86
190.37
142.88
27.57
-41.95
7.80
2.16
-53.20
-97.82
-156.91
-199.48
-151.04
-38.49
3.82
-25.48
-74.94
-63.52
15.08
25.65
-25.25
-82.57
-149.58
-184.73
-140.09
-35.48
15.94
-33.38
-116.77
-140.49
-43.72
17.03
-45.98
-63.86
2.57
108.52
187.68
105.24
-65.72
-73.56
-9.81
-100.08
-186.42
-183.93
-152.73
-104.28
-77.39
-75.00
-94.64
-130.83
-142.79
-80.07
-3.28
47.21
-12.03
-141.59
-111.38
46.75
138.03
90.27
113.18
190.18
95.69
-22.55
-74.72
-90.47
-81.15
-42.59
77.11
94.03
-5.20
11.61
116.95
123.02
6.24
-25.35
61.94
102.12
16.97
-101.99
-63.68
84.96
187.44
224.75
191.19
133.30
134.61
167.06
192.04
167.61
105.98
127.51
145.79
81.99
63.13
112.86
145.17
121.59
100.62
116.08
132.83
135.70
135.00
92.82
22.21
21.51
21.51
10.35
114.68
210.46
142.77
60.88
73.12
42.02
-0.28
47.83
42.25
-21.48
-41.31
-64.37
-96.71
-139.15
-172.21
-170.48
-165.51
-142.96
-123.84
-153.15
-166.92
-142.11
-130.37
-154.86
-200.15
-201.47
-161.70
-85.44
-19.79
-46.39
-97.77
-129.11
-141.64
-136.40
-143.25
-152.22
-152.22
-150.24
-148.78
-152.75
-164.42
-167.85
-156.34
-146.20
-133.63
-118.80
-124.88
-158.37
-146.52
-21.16
125.10
179.51
125.14
102.56
115.74
-15.05
-165.46
-117.63
56.10
220.09
319.06
244.85
43.42
-112.97
-144.73
-98.34
-87.87
-96.20
-107.35
-160.46
-188.69
-166.92
-75.78
28.75
105.46
184.73
93.70
-100.88
-175.82
-107.24
-31.43
-89.82
-132.30
-68.32
-41.70
-4.91
58.34
-26.52
-156.19
-178.10
-164.88
-160.40
-145.14
-93.48
-6.35
96.12
166.96
142.40
41.04
-93.34
-183.06
-194.74
-181.51
-166.02
-98.59
19.01
-4.86
-153.99
-203.45
-168.11
-146.79
-140.13
-140.13
-56.91
100.78
103.32
-46.92
-147.56
-157.93
-143.25
-140.81
-102.63
-63.12
21.42
181.99
207.10
135.21
33.64
-117.11
-189.85
-171.24
-52.79
103.71
95.50
-37.39
-130.30
-107.17
-32.58
-64.74
-146.61
-171.06
-166.71
-154.75
-142.92
-145.36
-150.88
-145.22
-144.57
-143.76
-136.69
-130.25
-121.64
-83.03
-34.91
-29.71
-38.25
-2.23
70.89
33.83
-8.86
130.73
241.85
144.65
-28.27
-61.83
24.95
64.73
70.92
111.18
149.37
172.28
192.57
228.52
253.32
202.84
127.96
115.20
163.26
208.89
224.01
217.88
174.37
129.04
143.20
175.86
169.00
170.95
167.89
108.02
44.00
30.41
59.31
89.36
134.09
177.90
185.69
159.29
95.12
72.50
122.05
90.08
16.67
104.57
225.70
197.70
75.44
-26.87
-46.02
1.89
74.00
99.69
48.55
31.78
65.30
73.45
75.60
85.59
107.45
102.08
62.09
11.99
-49.03
-26.82
63.43
105.35
87.95
29.23
-11.89
25.71
61.68
-3.00
-36.34
-7.01
-12.15
-30.61
-96.87
-125.32
-79.04
-53.93
7.92
69.91
38.31
43.35
136.36
168.22
95.02
23.23
25.15
82.64
137.55
63.28
-60.10
-46.16
-18.47
44.10
165.44
108.08
-42.76
-123.77
-112.24
-16.46
34.10
-2.96
-13.35
22.75
-9.61
-100.94
-157.98
-154.67
-125.91
-117.20
-105.72
-97.35
-120.60
-130.44
-53.15
26.27
29.93
89.19
114.52
-11.77
-143.89
-128.92
33.17
108.30
-22.73
-170.83
-209.16
-180.78
-79.52
45.85
75.04
22.22
-59.44
-95.53
-44.88
-24.83
-66.82
-99.31
-67.31
-6.33
-54.94
-133.63
-143.98
-151.54
-113.89
-14.90
15.53
-57.90
-157.66
-219.30
-205.53
-165.09
-150.57
-152.35
-161.98
-84.21
31.30
-0.73
-84.07
-124.53
-161.12
-178.64
-183.13
-200.51
-148.88
-43.38
-3.66
-21.58
-96.59
-161.47
-106.89
-33.50
-67.99
-64.59
-8.16
-64.86
-151.51
-169.96
-155.80
-139.66
-132.71
-128.15
-81.80
-49.09
-85.20
-43.47
28.54
22.88
34.29
43.46
26.80
42.49
108.34
166.16
151.64
115.87
122.09
149.65
183.78
214.90
184.29
91.67
31.47
54.96
109.99
141.11
188.57
254.75
268.07
242.38
207.38
113.13
32.39
119.99
240.08
226.81
136.95
28.74
-61.02
-117.96
-125.47
-70.42
-4.66
57.02
91.10
77.08
54.86
35.04
-6.79
-15.50
30.49
-5.17
-91.18
-138.72
-161.31
-160.67
-156.11
-91.91
59.02
173.29
185.27
176.20
210.40
240.85
247.48
251.71
232.09
191.81
159.65
164.96
155.17
125.41
151.05
180.41
159.03
132.79
167.18
191.79
152.54
175.29
169.39
66.68
70.11
160.06
181.39
163.89
198.78
226.17
188.59
154.73
171.57
178.04
133.55
110.69
134.95
182.95
145.22
-37.45
-191.82
-185.26
-97.88
-20.13
49.91
65.31
62.94
125.33
150.88
129.45
172.01
172.60
75.35
6.65
5.32
13.04
2.45
60.83
143.24
171.65
182.98
192.29
190.18
140.87
128.44
187.33
208.58
187.98
158.53
139.44
146.35
179.20
172.31
74.32
33.40
87.90
139.11
184.22
214.76
195.00
153.24
166.69
190.92
71.72
-77.28
6.82
181.71
223.39
187.66
164.39
165.12
155.66
155.66
183.09
165.54
113.58
123.24
167.37
139.83
69.78
68.50
139.52
181.44
144.02
120.11
157.08
187.21
127.82
36.45
44.64
83.33
101.50
146.86
160.32
121.46
141.40
194.20
174.99
146.15
165.49
178.38
125.14
88.24
121.72
148.28
171.82
205.56
222.07
145.26
33.06
27.20
57.63
75.08
28.54
20.20
176.45
249.14
190.15
156.54
156.54
194.51
156.82
-29.73
-156.84
-131.85
-74.37
-32.44
10.93
35.88
30.46
-1.63
9.21
130.27
203.65
83.46
-109.93
-134.57
10.21
52.02
-53.68
-153.62
-165.71
-112.93
-79.14
-54.65
-68.99
-99.91
-56.74
-23.07
-20.25
68.03
153.87
84.03
-46.63
-86.71
-65.21
-23.67
94.88
239.96
315.89
295.37
214.29
188.86
240.69
248.95
232.69
283.56
301.59
238.44
198.90
193.26
183.78
157.36
140.38
30.52
-157.45
-99.78
110.05
194.75
220.72
243.37
167.66
-11.77
-114.81
-40.05
61.25
111.87
90.59
-20.56
-9.20
111.23
148.40
138.88
122.61
132.03
123.34
68.53
77.12
122.65
185.40
254.38
201.80
92.36
154.20
275.34
261.94
223.32
215.53
168.19
98.72
126.72
172.89
113.86
83.46
122.55
134.43
110.70
84.55
55.62
67.06
110.73
134.64
188.56
234.34
212.65
177.54
150.86
99.59
12.02
-53.64
-86.92
-148.30
-167.28
-42.82
147.85
216.77
136.56
119.76
204.98
228.46
117.13
-116.02
-197.05
28.03
192.07
103.41
-35.68
-107.38
-101.00
-28.90
93.38
162.92
98.64
82.09
146.15
148.74
109.52
103.82
74.28
30.57
120.45
261.65
288.26
213.67
146.53
142.35
145.92
128.46
125.75
123.30
116.23
141.72
153.73
170.92
226.87
221.22
163.54
133.65
129.30
100.57
88.41
167.34
236.27
236.27
181.51
82.69
50.40
184.53
315.56
250.97
160.28
137.73
56.17
-63.74
-99.92
-22.72
104.65
146.99
95.82
82.64
44.49
-22.71
33.07
145.45
142.14
48.11
10.74
43.03
65.62
34.90
-15.53
-70.52
-121.22
-146.00
-156.63
-94.00
-83.45
-205.57
-238.80
-174.50
-143.61
-146.45
-156.27
-158.08
-154.82
-152.67
-148.79
-143.34
-141.41
-141.41
-141.41
-141.92
-142.48
-141.75
-141.75
-144.91
-118.28
-80.34
-103.07
-146.77
-157.03
-152.04
-145.66
-144.19
-153.44
-163.05
-157.56
-146.98
-140.81
-137.26
-136.38
-134.58
-132.21
-135.16
-140.98
-140.98
-140.98
-41.11
113.76
193.28
193.28
13.85
-181.30
-207.49
-163.48
-113.16
-83.97
-98.23
-130.40
-134.80
-133.37
-103.73
-22.10
129.98
223.79
153.57
184.68
203.07
39.84
-34.02
-64.71
-96.83
-23.40
48.11
71.98
50.44
-25.45
-43.83
40.45
99.54
82.70
-4.71
-132.46
-193.42
-146.11
-2.32
136.00
157.57
135.31
151.85
163.74
165.22
163.73
170.02
218.98
243.33
141.84
45.71
47.58
27.32
15.06
49.35
83.63
70.31
-1.79
-96.50
-136.39
-101.63
-103.06
-135.73
-103.50
-63.75
-49.31
-21.06
2.52
-15.48
-120.32
-202.93
-80.55
118.25
84.70
-37.79
21.18
193.79
237.54
44.42
-142.23
-178.61
-158.06
-143.76
-143.76
-150.25
-156.96
-156.96
-153.97
-152.48
-142.96
-134.16
-143.85
-158.84
-165.21
-141.63
-102.61
-100.39
-124.15
-85.46
-53.29
-134.04
-164.02
-36.05
94.91
53.63
-87.58
-81.51
0.83
-52.31
-125.31
-100.39
-30.08
-5.58
-58.03
-167.63
-229.43
-143.46
-85.43
-150.20
-182.42
-153.49
-138.15
-143.75
-148.99
-147.36
-147.36
-149.61
-157.70
-169.16
-170.74
-163.42
-156.61
-152.51
-151.13
-86.35
-5.71
31.16
72.49
25.02
-70.50
-103.28
-114.40
-82.87
45.52
199.60
201.04
38.51
-75.17
-133.13
-210.92
-212.68
-155.03
-103.64
-80.78
-4.70
140.82
114.53
-42.23
-122.57
-151.49
-141.16
-111.63
-122.43
-90.78
24.79
102.31
72.92
12.19
36.93
-13.71
-136.47
-29.15
175.73
237.51
181.48
109.85
111.84
158.38
163.53
115.99
92.62
143.08
202.65
191.55
127.11
101.80
53.71
-27.07
39.89
176.74
283.09
270.07
87.37
5.09
68.27
142.16
203.61
191.37
98.74
1.83
-19.30
40.45
33.86
-98.31
-116.06
-3.17
40.31
80.84
144.80
122.99
62.69
-12.99
-124.31
-157.21
-95.20
-43.52
-24.26
56.85
161.18
187.71
183.69
149.24
46.00
-69.07
-130.89
-127.83
-114.82
-165.80
-198.04
-132.73
-85.44
-90.02
23.92
188.84
200.78
165.90
161.17
143.38
94.46
-22.09
-160.46
-190.94
-80.30
32.88
146.55
249.44
123.85
-96.87
-86.67
59.01
140.74
157.12
139.62
-8.15
-192.06
-103.02
100.04
141.90
94.91
31.54
15.22
33.20
-16.33
-89.17
-134.27
-97.04
7.63
39.18
11.98
67.75
144.87
96.89
62.46
25.10
-179.31
-323.44
-238.03
-59.64
89.84
148.85
143.84
107.12
2.63
-142.44
-152.62
25.10
191.07
267.31
266.03
223.78
218.78
191.97
145.18
131.79
89.75
32.14
30.84
57.80
59.75
48.56
64.97
104.12
137.82
137.17
103.08
80.32
77.22
104.60
132.85
129.02
153.58
119.88
10.53
18.24
74.48
26.47
-74.44
-87.85
34.52
108.60
10.31
-138.04
-143.95
8.49
123.28
119.55
108.49
111.36
98.87
125.73
180.98
187.97
136.37
60.75
56.45
148.60
215.58
212.25
178.05
160.85
144.35
99.77
105.31
153.63
116.61
77.49
150.84
198.69
170.72
170.72
205.81
197.56
148.17
144.91
179.52
203.89
130.33
-17.55
-43.95
45.69
93.61
20.01
-6.11
147.38
288.96
222.12
99.99
117.96
131.70
112.60
98.22
94.48
179.41
204.10
87.19
4.59
51.25
100.73
51.60
31.57
110.36
164.80
127.10
62.86
85.18
137.45
132.03
80.95
32.79
105.81
189.06
134.17
51.04
37.74
57.49
80.06
56.68
38.89
71.45
0.10
-47.38
90.01
213.26
125.83
-31.96
-50.83
7.11
93.91
152.66
133.08
97.73
24.88
-94.32
-114.16
87.70
359.81
343.78
109.73
84.00
193.92
174.11
60.70
3.50
35.33
58.23
90.71
71.22
-66.52
-80.73
62.03
63.57
-15.80
16.21
85.42
141.39
130.45
140.42
167.34
93.54
22.56
46.31
147.08
165.63
83.71
-11.38
-75.43
-57.71
1.44
96.02
173.60
171.51
146.57
27.80
-121.88
-46.47
85.24
99.39
80.93
56.12
95.94
81.18
-91.79
-173.06
-59.06
100.65
184.63
176.59
123.71
65.58
0.40
-38.32
23.63
86.03
83.23
58.32
7.52
0.85
22.62
22.62
-10.17
-49.04
32.97
133.53
152.98
126.55
84.11
61.88
44.71
68.14
108.25
95.94
54.35
33.33
-47.33
-123.26
-26.60
97.87
136.73
130.63
80.47
51.31
63.45
86.60
116.19
116.19
117.46
124.97
116.39
137.12
151.41
118.59
124.88
160.12
101.53
12.48
3.67
52.97
140.90
221.52
217.51
140.38
92.40
119.15
135.15
78.76
29.32
63.11
81.09
38.27
65.83
102.30
55.88
73.88
92.99
38.26
28.22
-8.24
-18.58
76.07
131.90
134.90
172.16
157.07
28.15
-2.28
111.45
188.06
171.56
55.66
-20.51
72.63
173.98
191.22
176.77
145.16
110.59
89.21
106.18
163.18
162.04
136.46
170.02
188.11
183.43
171.55
116.54
79.18
133.08
166.99
134.08
132.35
161.24
172.36
149.44
111.83
83.97
60.37
74.27
140.23
194.20
214.19
Calibration routine
Press a key when the sensor is flat and straight on a table
Good. Now press a key when the sensor is flat on table but bent at 90 degrees (along X axis).
Calibration complete.
120.59
85.06
45.25
23.44
57.53
49.78
26.55
8.01
-18.88
-35.41
-31.81
23.13
66.31
62.48
80.73
134.14
168.56
173.36
149.38
113.22
125.46
135.12
70.53
-47.06
-123.91
-79.33
-11.58
8.10
23.85
1.20
-52.56
-67.99
-63.87
-63.20
-59.14
-32.02
14.14
43.73
92.00
133.45
86.70
-1.46
-43.55
-24.00
49.90
124.75
74.43
-66.84
-143.04
-115.97
-43.91
2.41
11.99
56.65
121.56
117.46
64.85
12.52
2.37
62.51
88.27
22.33
-16.35
5.35
22.48
7.55
10.49
41.50
19.14
11.92
56.55
78.83
85.47
59.44
36.75
52.64
34.17
0.82
14.82
42.29
29.07
-8.94
-16.82
-4.59
-0.44
-10.16
10.51
103.37
163.45
142.18
76.52
-9.63
-39.88
-21.29
-14.16
-12.17
-9.09
-4.64
0.19
-30.76
-67.76
-57.57
-19.57
13.57
12.38
-2.25
-31.21
-63.50
-54.91
-28.95
-3.23
0.44
-18.58
-18.58
24.81
74.25
35.64
-51.28
-69.77
-41.07
3.64
17.58
-30.32
-82.78
-98.44
-69.45
-43.57
-37.94
-37.14
-44.35
-65.22
-97.68
-122.02
-110.77
-69.53
-37.61
1.80
40.92
11.65
-47.51
-45.50
-20.65
-16.52
-9.18
-8.14
-13.94
-16.24
-25.57
-26.94
-26.03
-50.76
-14.33
61.38
35.47
-33.89
-67.34
-57.97
-20.22
-5.23
-26.84
-47.53
-35.93
-15.28
-5.47
32.96
86.37
63.10
7.36
9.70
8.17
-44.50
-85.75
-76.29
-69.83
-68.97
-51.82
-78.10
-123.16
-113.69
-72.97
-63.81
-79.58
-101.06
-140.63
-139.07
-87.07
-94.49
-132.87
-76.63
-16.98
-59.64
-116.25
-158.18
-192.95
-204.24
-223.60
-207.38
-165.52
-201.73
-259.32
-249.14
-219.80
-221.80
-238.23
-230.31
-203.91
-176.07
-150.74
-171.25
-262.48
-330.06
-322.57
-309.82
-261.65
-225.43
-279.45
-297.44
-243.44
-275.27
-324.90
-224.33
-150.13
-223.50
-295.80
-237.94
-100.84
-77.64
-224.26
-326.33
-259.39
-189.92
-190.83
-189.09
-149.88
-137.73
-237.82
-365.95
-416.82
-367.86
-290.77
-292.62
-296.22
-186.96
-100.80
-142.67
-152.19
-31.71
46.57
-17.84
-93.07
-94.78
-74.44
-88.51
-125.56
-152.88
-167.66
-234.74
-254.97
-137.30
-34.50
-2.92
-22.07
-95.05
-170.80
-128.64
13.44
0.71
-137.34
-164.35
-113.23
-61.61
-12.49
-39.93
-117.21
-130.32
-86.51
6.90
66.36
14.23
-65.84
-88.26
-42.47
-36.47
-91.87
-106.66
-116.46
-154.70
-179.89
-118.41
3.53
-40.10
-198.89
-238.70
-188.68
-183.19
-223.32
-223.32
-201.67
-164.71
-88.34
-100.17
-178.35
-165.20
-126.11
-126.11
-142.87
-163.67
-132.24
-95.30
-107.81
-158.22
-212.62
-216.66
-226.63
-226.63
-166.86
-135.18
-152.66
-191.44
-179.31
-114.20
-112.27
-149.26
-125.58
-19.30
73.82
60.50
-45.59
-108.14
-53.49
-5.96
-29.08
-79.21
-144.15
-191.94
-179.54
-147.59
-140.08
-174.84
-228.38
-214.40
-161.03
-138.14
-144.96
-163.48
-171.57
-173.22
-174.24
-190.89
-201.25
-184.34
-172.16
-154.58
-152.59
-187.78
-194.27
-176.35
-133.64
-71.50
-115.88
-224.34
-257.85
-231.40
-188.12
-156.88
-132.31
-69.37
-48.68
-146.98
-250.83
-250.83
-166.51
-115.84
-147.25
-137.00
-62.17
-24.59
-51.15
-101.67
-128.50
-135.63
-132.51
-127.13
-142.98
-172.31
-170.14
-124.05
-87.01
-84.77
-97.71
-132.34
-152.42
-62.01
47.23
50.68
-13.31
-106.51
-132.54
-75.12
-61.82
-80.59
-13.35
99.35
91.44
6.18
-18.57
-29.07
-54.10
-89.62
-119.02
-59.87
6.25
-10.96
-39.34
-39.34
-24.07
-3.37
10.08
14.28
14.28
-3.62
-47.18
-62.77
-43.41
-68.34
-87.62
-48.65
-35.80
-73.74
-111.83
-128.86
-116.31
-102.01
-131.09
-105.37
4.41
28.67
-33.23
-104.74
-177.64
-187.96
-176.41
-183.19
-151.06
-109.41
-81.68
-62.91
-81.95
-119.28
-123.98
-118.16
-127.78
-121.98
-133.68
-158.44
-136.14
-71.73
19.12
49.94
-11.49
-39.86
-5.91
-3.61
-35.78
-59.05
-82.74
-88.39
-82.84
-90.08
-93.93
-86.03
-95.71
-103.53
-89.18
-79.93
-35.70
4.50
-9.48
-42.65
-81.28
-109.65
-160.48
-225.08
-205.31
-63.19
69.17
26.71
-110.61
-212.76
-232.14
-156.05
-124.59
-208.68
-247.16
-205.77
-212.60
-253.00
-247.59
-171.17
-127.99
-198.45
-257.15
-230.14
-194.69
-160.51
-68.15
-29.39
-106.16
-135.87
-86.73
-59.64
-104.63
-197.01
-242.01
-212.98
-173.22
-135.14
-119.04
-164.93
-210.95
-203.74
-203.74
-231.15
-231.15
-194.21
-145.69
-143.91
-197.46
-253.58
-288.08
-268.04
-214.04
-206.11
-206.77
-163.48
-164.91
-214.88
-244.63
-233.86
-174.10
-131.84
-135.37
-108.59
-40.65
-45.41
-148.69
-171.41
-92.41
-59.06
-87.46
-110.01
-95.77
-98.90
-130.84
-136.95
-105.92
-39.81
24.79
15.71
-32.74
-35.97
-42.24
-59.02
-56.05
-70.26
-47.26
-23.79
-32.14
20.02
73.79
68.56
68.56
61.08
-17.46
-73.06
-21.87
46.65
71.98
37.18
-26.64
-46.61
-23.57
8.99
14.80
33.08
110.69
129.92
21.88
-60.99
-33.60
34.00
112.31
156.95
135.95
86.22
45.37
65.18
102.88
90.10
59.65
8.27
-56.12
-24.35
85.92
114.13
45.48
-34.53
-92.62
-107.99
-60.03
31.07
101.64
107.92
57.66
-1.58
-30.34
10.14
75.86
54.96
5.79
18.95
55.40
38.01
-28.16
-56.82
-40.06
-13.12
-3.86
-52.97
-114.94
-108.00
-63.90
-53.38
-68.60
-66.39
-25.37
39.60
71.34
48.30
25.96
23.68
23.68
57.99
104.86
100.76
87.50
100.74
76.95
15.15
-21.61
-34.53
-18.47
7.42
36.84
84.11
83.59
50.23
58.34
78.81
44.60
23.84
46.11
23.40
-11.11
2.96
27.23
70.41
168.96
252.36
210.36
75.11
13.22
63.30
132.93
135.97
85.31
44.62
-0.09
-51.61
-34.65
62.47
94.09
54.32
91.65
140.07
75.24
-17.55
-34.32
-26.43
-38.53
-9.81
38.27
17.89
32.60
118.10
70.70
-77.32
-130.63
-72.81
2.96
67.75
136.59
158.40
115.80
52.58
-21.63
-71.24
-59.44
-51.19
-43.50
40.37
124.38
87.72
-2.42
-54.50
-30.56
44.43
45.49
-23.37
-52.77
-16.05
23.20
6.23
-16.84
4.16
31.95
31.95
1.16
10.49
57.76
50.36
36.03
55.15
97.96
150.38
122.15
43.47
-18.96
-56.08
-23.00
72.39
132.40
93.93
25.75
-8.63
-15.09
0.94
24.35
67.17
126.69
107.53
2.82
-38.94
-1.05
0.38
1.06
33.34
84.44
149.75
129.64
42.29
0.05
-2.40
-10.34
1.14
27.07
18.18
17.05
50.87
69.16
69.67
56.29
18.02
10.11
23.63
-13.46
-39.34
-27.83
-9.82
24.07
19.30
-4.36
33.45
81.51
71.73
41.70
54.60
108.92
108.92
18.21
-76.13
-109.48
-67.43
-6.80
41.80
88.65
56.55
-18.09
-52.40
-85.90
-96.10
-28.97
26.66
-21.16
-94.56
-104.00
-72.20
-7.73
73.08
85.58
17.60
-79.88
-137.28
-131.95
-116.42
-77.28
-24.27
-11.72
-45.79
-136.74
-198.49
-147.14
-84.88
-110.23
-144.89
-126.91
-122.63
-121.65
-105.29
-115.40
-137.19
-145.39
-144.57
-153.10
-176.46
-211.95
-221.53
-165.80
-146.90
-221.42
-304.69
-361.21
-338.17
-212.78
-130.32
-225.80
-398.97
-397.02
-216.20
18.02
98.43
-138.93
-355.60
-339.48
-247.34
-214.58
-249.84
-244.12
-247.37
-342.07
-417.60
-423.85
-412.29
-413.82
-443.68
-412.45
-340.28
-384.79
-427.05
-284.80
-140.45
-234.20
-418.77
-428.19
-319.16
-294.96
-327.87
-276.26
-191.07
-193.07
-258.40
-278.57
-253.93
-291.08
-330.51
-274.72
-206.41
-212.14
-227.26
-208.14
-234.67
-292.68
-353.71
-398.06
-405.44
-407.44
-410.31
-411.31
-406.46
-401.64
-399.73
-397.47
-395.85
-394.24
-391.13
-390.09
-387.74
-383.53
-383.53
-357.72
-331.01
-359.14
-395.56
-406.38
-403.57
-390.90
-360.47
-288.03
-193.90
-158.20
-198.50
-152.43
7.29
38.99
-91.58
-217.78
-238.56
-164.29
-124.71
-147.13
-130.39
-81.10
-84.25
-129.46
-159.94
-176.37
-172.98
-140.72
-82.26
-45.64
-113.27
-211.85
-211.85
-154.19
-149.02
-155.52
-152.61
-167.65
-171.44
-195.43
-188.54
-23.00
158.52
87.00
-111.85
-186.55
-140.03
-86.71
-109.30
-170.31
-211.35
-209.91
-179.34
-181.56
-221.09
-213.72
-112.12
0.29
-15.45
-123.97
-140.19
-112.04
-63.70
27.72
-2.95
-98.35
-140.17
-144.50
-128.93
-116.80
-153.96
-229.46
-240.22
-197.19
-189.95
-192.67
-117.44
-36.49
-58.57
-114.07
-146.51
-153.63
-117.67
12.60
144.40
58.59
-116.68
-176.49
-177.13
-162.37
-90.12
8.64
36.72
-20.98
-88.52
-106.96
-73.60
-52.50
-112.71
-177.11
-130.76
-49.49
-95.83
-157.60
-104.35
-81.49
-154.21
-219.88
-224.00
-224.00
-201.01
-117.30
-62.80
-69.65
-74.12
-60.54
-56.31
-86.27
-137.35
-141.00
-72.71
-7.62
-40.52
-125.45
-139.28
-107.76
-70.49
-6.36
8.29
-38.36
-63.13
-55.08
-53.37
-55.36
-53.51
-68.12
-72.64
-38.71
-2.08
-14.57
-12.92
49.82
97.67
86.23
82.99
122.00
85.10
28.31
46.04
25.69
-19.48
20.55
53.87
35.35
79.04
69.99
-19.56
-3.97
69.33
71.07
24.87
-17.70
-8.04
40.18
25.99
-17.72
24.01
82.01
41.12
-10.93
-36.13
-91.32
-114.51
-71.23
-33.64
-45.48
-81.05
-112.34
-101.42
-33.24
17.51
-12.22
-28.87
72.17
148.07
93.28
32.67
34.02
57.83
55.96
21.79
-6.69
-28.95
-60.92
-68.25
-68.25
-41.78
36.77
27.93
-75.37
-140.50
-119.64
-99.46
-107.49
-56.05
-5.45
25.64
42.86
-15.63
19.27
173.14
119.39
-119.22
-205.18
-116.78
-99.14
-184.17
-232.98
-210.90
-115.66
-15.54
-27.14
-72.99
-63.83
-84.00
-131.46
-95.35
-17.81
-83.94
-171.81
-44.72
147.75
115.68
-87.21
-167.13
-73.84
0.20
-31.76
-40.73
4.81
18.70
4.68
-27.26
-88.52
-167.66
-212.49
-163.61
-24.80
108.38
93.11
57.69
91.63
-24.56
-169.47
-109.60
-24.95
-80.17
-141.94
-137.57
-74.65
-41.41
-102.37
-72.19
20.82
-15.73
-138.16
-213.92
-206.76
-185.16
-183.87
-132.55
-7.24
61.29
34.80
63.49
97.80
31.94
-49.73
-94.92
-37.07
37.25
-51.05
-231.17
-340.91
-275.57
-118.43
-56.18
-106.83
-150.05
-163.59
-145.24
-107.52
-163.85
-227.78
-79.58
125.00
98.66
93.13
187.62
83.00
-40.80
-28.25
-48.86
-104.15
-142.76
-172.81
-150.82
-112.73
-137.90
-160.98
-163.29
-200.30
-203.37
-186.49
-158.73
-124.70
-114.44
-27.98
-5.35
-79.77
-59.46
-6.85
-69.16
-148.79
-104.62
-7.87
68.82
74.47
38.96
40.37
60.20
95.74
126.94
100.90
65.13
74.97
79.75
32.59
-35.51
-86.80
-96.03
-69.06
-40.20
-33.40
-64.24
-82.71
-36.00
25.76
15.32
-41.97
-55.61
-25.26
-22.78
-26.89
41.44
99.69
144.81
181.14
100.89
7.68
1.30
54.09
101.13
137.79
189.99
159.98
31.23
-60.34
-59.23
-47.59
-60.89
-58.31
-23.18
-14.91
-20.02
40.23
86.50
76.12
77.12
90.91
85.63
56.93
43.86
51.69
39.21
44.92
107.61
159.90
148.02
87.44
27.16
-0.89
8.00
29.83
31.04
6.62
-33.29
-47.33
-7.52
64.47
121.41
131.56
81.49
13.46
13.46
73.84
113.70
144.05
152.29
90.74
25.00
57.52
147.34
114.97
34.97
42.48
40.63
-32.98
-105.16
-81.36
27.00
134.21
192.04
167.63
74.50
26.15
37.92
40.63
58.79
93.71
109.55
135.89
151.50
146.70
160.09
165.48
139.44
65.83
-4.14
-35.13
-19.16
69.71
111.65
50.36
5.64
29.16
61.74
39.73
-18.49
16.16
181.62
291.13
199.29
77.70
123.24
129.69
-64.47
-226.03
-229.74
-119.08
43.25
122.23
33.95
-61.43
23.81
65.91
-86.24
-205.69
-133.91
-33.99
-28.06
-9.16
48.61
87.63
-4.09
-151.97
-160.21
-33.31
17.40
-95.89
-116.91
-37.20
-22.09
-33.40
-142.85
-304.41
-328.74
-256.48
-215.62
-213.46
-90.56
85.28
15.77
-180.15
-260.27
-259.46
-242.31
-235.30
-243.55
-219.28
-173.46
-189.77
-244.03
-192.56
-78.56
-35.37
36.63
8.49
-210.95
-315.86
-266.69
-228.48
-202.06
-148.84
-126.57
-168.23
-185.70
-117.70
-41.11
-34.73
-8.90
31.75
37.15
83.54
73.43
-54.90
-112.48
-90.25
-142.50
-137.81
-41.61
-49.86
-135.22
-142.31
1.80
140.62
144.44
83.52
-52.70
-169.42
-119.25
-30.52
22.60
59.29
60.95
3.51
-125.35
-125.35
-10.95
-6.93
-40.05
0.95
81.36
81.36
7.92
-38.22
-46.16
-27.29
-36.69
-27.34
61.01
149.89
186.89
177.38
153.56
133.39
77.74
38.63
71.63
130.00
166.48
170.99
170.17
154.93
128.08
125.42
145.09
135.61
116.28
178.58
247.69
221.18
194.73
202.58
155.72
92.94
118.10
201.21
198.12
81.89
32.84
70.17
36.51
-39.92
-60.66
-2.54
82.11
114.06
145.11
195.90
178.82
60.28
-44.85
-27.96
-4.37
-7.37
22.64
52.03
106.05
116.34
53.67
65.30
118.60
77.91
-12.23
0.23
75.68
126.58
118.67
72.47
119.67
183.42
100.50
-40.25
-28.56
26.19
-39.83
-149.99
-161.30
60.10
300.52
264.82
94.12
59.20
108.26
116.50
129.99
160.73
149.73
93.27
50.57
40.73
52.11
129.28
257.88
260.48
133.31
101.11
175.55
214.68
216.81
232.11
262.71
244.11
168.61
123.14
121.29
122.28
190.84
274.84
169.01
9.01
3.55
65.60
118.12
127.42
61.39
-35.45
-113.46
-133.39
-163.12
-237.17
-228.52
-206.12
-226.49
-151.51
-35.47
58.32
133.31
128.72
61.30
-11.16
-54.72
8.67
166.81
206.72
108.19
22.04
-37.45
-36.54
29.52
27.22
-119.03
-193.17
-41.82
83.43
38.61
-26.61
-14.07
5.79
11.01
60.71
91.85
35.15
-33.99
-28.51
3.86
-23.89
-31.09
25.67
36.16
-2.43
-48.82
33.18
232.49
241.70
92.41
10.86
-13.17
-67.18
-109.96
-22.33
96.09
57.89
-63.81
-84.12
-27.12
-27.12
-72.20
-98.90
-91.37
-4.50
75.21
26.26
-8.31
74.60
145.94
116.39
71.08
47.31
-44.06
-84.94
21.82
104.22
127.52
140.76
91.51
18.69
-29.27
-24.62
16.64
47.74
88.54
104.06
61.54
-48.79
-155.72
-124.31
14.18
104.24
56.62
-45.36
-90.36
-37.73
60.94
74.95
18.59
-17.54
-33.66
-19.44
8.02
-32.28
-72.40
-5.92
70.21
112.07
159.72
132.90
88.29
59.38
-16.43
-48.77
-65.75
-97.89
-77.66
18.63
79.41
-38.89
-106.03
-25.53
-42.57
-135.75
-159.91
-121.81
-77.42
-52.55
53.60
190.93
135.00
-11.21
-75.04
-94.78
-186.78
-339.44
-270.24
21.51
156.98
82.79
14.24
5.52
-21.13
-54.19
5.49
96.65
21.50
-169.95
-267.86
-173.09
8.66
-27.41
-230.85
-342.42
-268.58
-77.73
13.01
-10.20
-64.30
-110.27
-149.40
-229.14
-206.94
-110.75
-171.26
-250.85
-174.74
-93.94
-95.78
-57.39
48.75
124.75
120.19
17.11
-152.34
-215.45
-95.99
-50.97
-30.74
98.43
168.57
159.13
-27.49
-290.28
-390.97
-361.14
-257.49
-112.56
-32.81
-116.52
-270.91
-288.87
-134.43
-33.83
-68.49
-91.34
-68.80
-44.93
-50.30
-127.83
-229.42
-204.73
-54.90
55.99
45.41
-31.37
-49.60
21.04
101.09
123.78
63.84
-17.03
-12.84
64.93
29.05
-128.51
-247.74
-212.91
-15.40
91.23
52.99
27.88
44.18
37.16
-2.90
22.30
100.98
132.02
67.28
-57.47
-113.60
-28.10
23.22
-7.16
39.02
129.54
118.08
-40.29
-183.25
-158.73
-76.38
-93.93
-149.35
-157.95
-153.10
-150.55
-145.06
-140.70
-137.84
-133.81
-129.56
-122.45
-118.70
-122.16
-104.79
-80.56
-101.17
-137.61
-145.92
-136.86
-135.55
-151.35
-158.90
-150.32
-150.32
-153.22
-141.22
-123.08
-112.57
-116.23
-125.18
-128.80
-127.39
-137.15
-153.30
-152.74
-145.75
-147.60
-151.81
-149.47
-145.08
-149.91
-157.13
-151.57
-143.45
-162.45
-186.08
-170.42
-67.84
-13.86
-114.32
-157.60
-80.68
-9.59
-45.31
-134.64
-172.98
-190.45
-152.34
-33.97
25.60
-33.50
-76.79
-30.96
55.88
123.20
54.09
-66.57
-65.84
68.52
218.81
137.86
-43.23
-67.97
-45.60
-79.57
-184.22
-337.09
-368.85
-243.81
-138.77
-18.43
101.59
20.44
-117.28
-128.15
-43.90
36.99
51.13
63.77
104.80
104.80
75.59
162.11
254.76
200.15
145.27
182.65
193.40
191.21
274.06
277.36
194.23
168.15
92.31
15.86
36.36
32.95
12.95
26.41
55.05
59.01
34.40
61.50
93.89
68.94
19.19
-55.20
-109.71
-80.93
12.83
56.02
24.84
22.12
0.73
-45.32
-47.25
-66.40
-94.10
-67.23
-50.92
-80.06
-105.29
-123.18
-91.74
0.36
-30.82
-159.86
-124.28
-16.87
-68.45
-146.02
-44.84
79.73
108.58
135.65
131.35
8.67
-131.28
-159.35
-191.89
-217.06
-115.55
-37.96
-84.07
-163.55
-125.37
7.61
5.69
-84.07
-61.67
5.31
-26.22
-52.99
18.74
65.13
13.75
-70.31
-169.21
-263.29
-158.24
47.90
-5.30
-195.76
-246.61
-178.57
-109.49
-50.41
-2.39
-96.99
-232.31
-233.26
-172.97
-117.48
-71.10
-66.12
-115.57
-169.42
-208.88
-203.98
-99.90
-5.00
-68.63
-162.55
-115.84
-63.54
-121.16
-143.42
-66.62
1.89
21.65
-65.36
-236.31
-244.42
-169.86
-274.98
-300.55
7.58
254.77
63.83
-305.58
-449.88
-318.85
-190.19
-225.29
-261.99
-278.54
-341.48
-374.14
-388.52
-405.99
-398.40
-342.77
-247.16
-155.65
-126.78
-175.55
-228.95
-324.23
-322.87
-96.41
57.46
15.82
-108.84
-257.39
-354.75
-288.39
-81.56
14.06
-34.11
-41.93
-15.47
-34.40
-100.01
-207.98
-302.62
-272.70
-174.81
-179.27
-258.39
-276.99
-217.30
-163.64
-158.67
-199.90
-276.67
-264.10
-156.62
-120.87
-134.90
-99.72
-70.95
-81.18
-125.57
-207.52
-231.60
-200.46
-191.76
-191.76
-212.40
-258.15
-270.75
-273.55
-296.74
-265.63
-214.99
-197.25
-203.69
-237.91
-237.91
-223.39
-238.18
-197.29
-119.43
-106.44
-119.97
-107.88
-64.37
0.21
-0.59
-61.27
-87.07
-97.99
-137.61
-177.11
-176.17
-149.88
-148.66
-31.00
120.58
73.87
-13.67
-135.06
-250.33
-206.97
-154.48
-166.25
-111.54
-37.98
-102.70
-120.40
117.57
285.12
83.58
-244.71
-407.21
-303.28
-75.09
34.22
21.15
-64.05
-97.35
-51.01
9.15
115.46
47.48
-153.63
-244.50
-262.94
-268.81
-286.21
-321.26
-354.65
-352.75
-310.58
-251.33
-248.88
-283.91
-298.37
-303.92
-231.06
-85.10
8.52
42.31
61.01
57.81
-14.71
-134.09
-233.50
-322.10
-364.03
-325.53
-216.00
-120.47
-75.04
31.96
129.94
100.69
11.06
-76.44
-73.04
-10.35
-52.45
-96.00
-19.59
24.28
-32.45
-131.87
-204.25
-177.75
-101.89
-62.28
-83.96
-108.00
-38.81
90.99
115.18
-26.53
-166.99
-157.03
-110.42
-114.91
-78.19
-6.81
33.68
7.66
-71.60
-94.50
-55.59
-17.59
17.61
-0.45
-58.85
-19.66
85.91
67.79
-19.56
8.66
84.14
72.36
12.93
-22.70
66.73
171.05
3.53
-220.13
-124.62
76.54
110.58
73.45
64.92
38.60
-94.73
-203.65
-150.75
-49.98
-8.75
5.51
44.46
65.14
75.13
119.78
149.30
149.30
116.81
57.58
54.34
106.75
151.75
136.24
92.08
88.16
48.15
-22.97
18.31
146.94
208.72
176.21
153.84
141.50
55.03
-12.45
19.73
54.73
108.23
171.60
139.54
130.72
156.07
126.53
135.56
144.39
31.89
-108.58
-85.21
-2.41
57.22
121.31
11.17
-160.12
-103.19
141.46
267.96
119.52
-43.99
-39.87
-25.54
-25.54
12.66
30.64
4.60
-48.01
-71.71
-106.02
-75.79
89.20
190.04
144.43
84.45
106.78
152.98
106.25
-9.83
-34.87
60.20
138.54
150.67
132.86
122.20
131.69
112.29
83.84
109.64
165.39
175.20
181.13
240.08
225.77
143.31
101.17
80.32
123.92
215.27
159.59
9.58
9.58
103.00
159.00
189.40
168.12
56.20
-94.46
-137.41
-52.04
22.69
41.87
31.87
-17.01
-132.97
-201.36
-124.07
-66.36
-82.87
-11.89
90.61
61.77
-1.24
6.29
57.34
139.91
149.82
58.16
63.99
137.74
126.13
63.85
-14.91
-70.62
-91.67
-151.73
-252.32
-332.87
-393.19
-388.14
-307.25
-252.44
-233.34
-257.23
-334.60
-257.07
-31.56
74.53
67.24
2.18
-57.74
-12.03
41.75
19.62
-25.51
-40.09
-40.09
-57.22
-91.18
-78.02
-2.08
122.18
194.98
76.28
-89.73
-184.02
-194.38
-149.71
-84.60
61.98
160.29
99.41
3.81
-18.81
53.73
114.09
101.68
-5.06
-167.05
-122.25
77.00
195.43
240.52
255.54
273.55
250.94
150.55
76.83
83.84
138.38
191.93
201.96
156.46
95.34
84.08
123.36
186.71
255.67
252.23
175.82
132.83
99.88
39.14
54.59
169.89
241.17
237.53
246.27
238.31
184.37
184.37
252.16
222.97
62.67
-59.64
-31.19
0.11
-49.79
29.70
122.50
26.76
-136.47
-261.93
-289.92
-277.65
-183.41
-47.46
-70.21
-129.74
-127.40
-101.82
-131.96
-205.67
-155.72
-36.57
13.20
-8.80
-56.66
-103.14
-147.72
-44.28
152.93
105.11
-65.14
-155.54
-203.44
-220.57
-235.49
-189.90
0.81
161.25
38.92
-174.12
-250.31
-149.40
46.05
96.93
31.42
-15.44
-26.74
-13.01
-17.37
-2.71
42.37
-40.29
-223.58
-250.41
-151.45
-101.05
-104.93
-142.64
-186.80
-166.87
-116.79
-111.21
-111.81
-109.84
-120.72
-121.92
-86.26
-51.63
-80.21
-125.01
-124.11
-101.07
-104.17
-136.07
-161.31
-147.38
-78.85
-85.17
-219.70
-221.69
-93.17
-68.42
-117.13
-147.63
-147.03
-125.95
-128.13
-140.56
-117.64
-127.79
-143.72
-88.11
13.63
110.33
79.61
-38.15
-123.22
-117.26
-30.31
-10.49
-88.65
-152.20
-92.29
-1.97
-19.21
-20.77
22.75
-10.36
-77.54
-105.65
-60.71
0.46
-42.93
-97.35
-73.11
-30.25
-7.34
-7.34
-36.98
-115.42
-179.53
-184.61
-187.83
-175.91
-117.77
-71.58
-53.30
-17.66
-24.24
-95.75
-118.73
-17.55
73.00
-19.83
-135.42
-117.78
-66.58
-61.98
-34.12
36.54
15.77
-103.81
-133.46
-63.35
-58.71
-96.26
-111.79
-110.39
-75.63
-23.51
16.35
50.70
69.35
51.34
26.64
26.64
82.16
114.27
41.07
-3.83
37.17
41.44
-13.43
-52.67
-70.19
-71.77
-65.85
-85.81
-149.83
-206.47
-132.63
8.60
40.34
-17.64
-74.06
-159.17
-209.48
-146.22
-110.88
-140.31
-130.25
-92.53
-100.90
-152.72
-189.45
-197.98
-189.49
-121.39
5.56
103.60
109.61
53.32
23.03
-21.31
-59.01
-15.26
8.58
2.46
-0.44
-43.90
-110.59
-69.87
68.25
73.39
-38.69
-74.46
-78.17
-147.36
-181.35
-87.95
9.83
3.96
-0.55
55.83
63.70
11.78
-15.19
-6.13
4.00
-45.69
-145.77
-224.64
-220.17
-147.92
-61.58
12.28
70.42
143.94
176.70
106.07
-31.59
-148.44
-184.84
-151.28
-129.05
-146.37
-138.29
-120.26
-86.70
-18.81
-14.80
-49.86
-90.47
-163.58
-194.62
-182.21
-98.59
32.44
65.98
9.13
-66.11
-133.90
-130.49
-125.56
-184.88
-216.96
-193.41
-84.68
25.09
-31.88
-187.92
-262.80
-250.64
-215.43
-213.28
-195.59
-73.98
-41.86
-191.27
-260.95
-161.50
-96.26
-88.25
-48.29
-20.36
-60.45
-85.85
-74.29
-159.83
-229.64
-178.63
-130.84
-116.94
-104.81
-111.36
-121.24
-86.67
-49.88
-31.78
-2.06
-36.80
-113.47
-97.57
-30.89
3.74
24.52
23.59
-0.08
-79.35
-269.91
-364.28
-220.97
-25.79
38.19
-51.96
-188.93
-258.78
-237.14
-208.40
-197.06
-176.59
-141.67
-112.85
-146.55
-141.94
-50.29
-32.51
-99.57
-165.56
-190.70
-175.84
-135.43
-72.92
-126.58
-232.80
-163.26
-31.84
-28.08
-149.09
-297.77
-263.26
-69.46
23.10
-1.65
-123.59
-226.44
-98.82
13.68
-92.63
-232.48
-262.66
-62.85
155.40
38.45
-175.10
-216.19
-165.51
-97.40
-102.61
-135.10
-123.66
-96.15
-23.34
23.76
-14.93
-65.62
-48.15
10.44
12.91
-35.83
-132.31
-269.38
-193.92
82.07
171.07
51.47
-35.23
-25.01
-77.87
-240.61
-294.31
-207.09
-140.68
-122.49
-137.67
-219.00
-296.12
-317.42
-303.45
-166.10
9.40
-15.41
-133.31
-169.47
-157.96
-89.64
-31.89
-132.98
-169.33
26.19
78.65
-82.71
-186.62
-239.26
-294.35
-249.74
-205.42
-235.59
-207.21
-191.65
-179.19
-132.25
-115.81
-106.62
-78.90
-113.22
-199.33
-151.02
-47.01
-45.53
-55.49
-43.49
-29.16
-5.38
-63.28
-109.05
-47.28
-4.06
9.51
27.10
-12.60
-143.14
-238.71
-222.43
-259.88
-316.63
-203.41
33.17
192.88
92.15
-117.39
-192.15
-187.02
-178.35
-126.19
-62.66
-82.17
-75.58
-31.76
-28.80
62.08
90.14
-51.22
-123.71
-83.89
-73.61
-46.38
19.73
-26.80
-131.59
-161.42
-139.77
-138.37
-156.31
-148.04
-137.39
-103.47
-44.32
-55.18
-94.61
-97.65
-97.65
-97.65
-72.32
-49.49
-90.05
-171.11
-196.49
-166.12
-145.98
-126.80
-74.25
-26.52
-5.20
-0.18
-42.18
-91.37
-46.84
38.35
20.76
-50.58
-62.68
-54.93
-96.91
-195.37
-306.60
-359.99
-351.49
-310.52
-281.41
-297.14
-286.82
-293.61
-284.67
-160.87
-157.47
-283.81
-251.30
-97.84
-95.42
-304.33
-462.07
-434.90
-380.75
-325.84
-219.04
-153.89
-147.19
-122.75
-73.10
-51.22
-86.55
-145.14
-187.58
-191.20
-131.12
-33.26
33.02
-14.27
-117.51
-107.09
10.10
38.10
-69.17
-161.20
-223.83
-237.23
-210.66
-231.82
-244.26
-172.35
8.85
128.39
45.25
-79.42
-125.51
-150.24
-194.94
-205.57
-182.87
-146.86
-57.55
41.60
72.94
61.44
25.81
-16.80
-72.32
-194.42
-210.94
-33.22
80.15
15.99
-104.24
-165.38
-87.49
3.97
-70.53
-140.18
-89.52
-34.08
-7.87
-23.44
-36.03
-66.33
-153.83
-173.25
-115.92
-98.66
-133.21
-167.61
-191.45
-209.24
-214.14
-182.40
-109.57
-45.37
-28.25
-14.66
69.90
96.00
-35.94
-109.69
-83.24
-87.93
-79.00
-9.11
68.62
53.97
-36.25
-111.06
-108.52
-70.92
-56.07
-41.02
-72.52
-61.15
-2.33
-26.57
-76.79
-123.99
-130.94
-41.49
29.56
3.50
-38.81
-54.50
-55.13
-77.91
-140.36
-172.28
-152.72
-107.21
-85.54
-139.01
-196.49
-200.90
-192.02
-152.07
-79.44
-53.77
-97.81
-167.41
-223.93
-196.50
-83.46
-17.78
-39.26
-95.04
-93.94
-60.86
-102.25
-148.89
-144.72
-144.72
-184.43
-227.33
-220.58
-176.12
-118.21
-44.30
-6.20
0.51
19.66
38.82
76.79
87.37
-15.15
-158.63
-206.22
-184.14
-175.27
-170.95
-155.95
-116.19
-53.33
-49.90
-128.49
-204.49
-203.84
-114.68
-25.42
-2.20
-44.38
-111.01
-155.98
-182.26
-133.96
-46.34
-59.43
-135.67
-121.68
-20.64
-2.60
-75.86
-127.13
-141.38
-135.24
-125.23
-104.47
-101.06
-175.35
-272.76
-299.78
-264.12
-221.61
-206.94
-176.82
-152.26
-182.43
-207.54
-220.68
-212.06
-124.53
-37.56
-81.21
-168.73
-193.98
-160.88
-85.89
-79.39
-182.17
-250.21
-204.90
-96.42
-40.84
-121.32
-203.03
-183.74
-115.48
-83.64
-137.23
-182.57
-192.53
-208.92
-204.99
-187.11
-121.58
-4.63
4.01
-124.59
-240.18
-246.99
-176.88
-108.79
-73.07
-84.43
-122.49
-130.80
-62.74
24.97
39.36
-40.30
-207.23
-363.82
-383.14
-301.00
-229.15
-188.69
-183.61
-185.62
-110.71
-29.14
-71.44
-111.12
-58.48
-33.92
-54.07
-93.62
-96.38
-72.27
-113.52
-107.86
-32.35
-41.45
-89.17
-92.00
-98.01
-68.45
17.82
21.24
-105.61
-210.84
-193.24
-124.57
-66.92
-27.08
-28.38
-77.31
-127.45
-130.16
-141.72
-161.14
-124.25
-99.41
-110.98
-91.54
-47.20
-51.59
-121.37
-162.64
-128.46
-110.58
-160.66
-218.72
-207.54
-156.43
-159.16
-173.30
-151.58
-131.96
-118.74
-56.22
11.79
-16.08
-58.29
-74.66
-108.55
-154.26
-163.06
-64.40
19.11
-11.36
-21.12
3.74
-11.74
-33.10
-33.10
-40.97
-97.38
-109.98
-49.52
-10.45
-9.34
-74.52
-185.25
-227.30
-175.44
-193.72
-314.52
-378.88
-356.54
-213.61
11.76
28.63
-181.76
-264.75
-156.53
-45.38
10.68
0.23
-78.50
-164.02
-183.45
-139.90
-57.45
19.39
20.29
-54.86
-132.92
-123.80
-68.84
-61.92
-81.32
-89.51
-123.84
-184.74
-212.84
-193.20
-177.82
-204.60
-231.86
-229.82
-193.54
-144.01
-136.30
-167.20
-192.89
-189.51
-174.79
-187.86
-217.49
-217.49
-187.30
-156.06
-160.91
-169.90
-154.34
-183.81
-227.77
-238.66
-231.63
-210.22
-208.63
-225.17
-186.97
-118.00
-134.56
-203.38
-233.06
-215.66
-190.65
-159.02
-124.46
-154.31
-194.90
-189.91
-194.63
-219.78
-230.72
-224.10
-215.85
-206.62
-180.37
-153.80
-154.53
-123.40
-91.20
-102.54
-85.00
-36.29
-56.86
-150.91
-182.01
-152.04
-146.32
-170.45
-174.71
-114.16
-25.78
3.22
-66.01
-117.02
-85.22
-61.14
-69.67
-80.82
-78.03
-24.57
11.48
-62.03
-94.26
-42.11
-38.20
-84.36
-133.71
-167.28
-180.54
-186.85
-138.59
-66.41
-121.51
-218.89
-233.78
-200.57
-164.43
-132.24
-90.00
-74.12
-101.27
-128.63
-138.96
-152.35
-137.14
-91.13
-114.75
-179.98
-190.77
-182.20
-77.34
81.09
50.81
-71.39
-88.11
-56.05
-58.07
-58.07
-57.29
-52.54
15.84
62.44
52.79
33.86
14.91
47.04
26.56
-61.62
-83.16
-79.97
-58.97
86.87
197.37
57.75
-131.77
-214.47
-259.58
-241.72
-146.38
-75.56
-36.65
8.57
-30.16
-69.26
7.76
44.96
-19.13
-113.78
-169.98
-131.04
-114.83
-166.59
-36.67
152.54
122.86
75.97
32.68
-112.60
-252.89
-336.59
-404.35
-384.67
-241.44
-111.05
-51.61
5.29
62.83
-46.33
-224.16
-247.86
-227.25
-169.82
-36.22
62.13
91.48
-55.68
-244.41
-236.17
-152.96
-114.42
-60.62
40.19
119.01
76.87
-83.37
-185.44
-184.12
-206.25
-235.77
-201.84
-158.60
-126.14
-118.46
-133.49
-119.72
-124.54
-155.01
-149.52
-110.42
-112.68
-155.48
-186.87
-201.77
-189.49
-192.59
-216.86
-199.72
-139.69
-119.40
-129.73
-95.06
-116.03
-238.71
-329.80
-327.76
-294.36
-280.67
-264.43
-230.96
-212.41
-204.62
-172.31
-156.45
-177.13
-202.10
-229.66
-234.03
-212.66
-187.14
-182.02
-211.29
-239.33
-232.40
-191.36
-181.18
-219.67
-249.87
-253.95
-232.58
-213.27
-191.69
-161.96
-187.60
-216.04
-205.06
-207.95
-213.58
-217.84
-213.49
-202.31
-196.50
-186.97
-196.23
-215.78
-230.85
-234.38
-182.69
-121.35
-150.15
-206.32
-203.18
-208.99
-221.28
-186.37
-174.93
-195.06
-152.78
-78.11
-67.66
-95.30
-138.01
-214.76
-257.30
-203.17
-111.50
-57.32
-75.30
-168.41
-234.32
-221.77
-208.46
-209.50
-218.64
-256.00
-209.46
-91.49
-96.81
-172.87
-200.43
-206.58
-242.18
-310.66
-295.14
-227.08
-240.57
-255.64
-214.76
-192.05
-229.43
-271.69
-272.33
-269.57
-280.07
-293.48
-275.21
-236.76
-222.47
-219.26
-243.50
-275.30
-242.00
-200.68
-219.84
-238.29
-210.13
-141.29
-97.66
-130.20
-204.76
-275.97
-311.39
-312.12
-287.11
-246.36
-223.51
-207.37
-164.33
-142.44
-178.09
-236.73
-256.11
-237.49
-241.49
-212.47
-161.37
-182.40
-232.12
-255.48
-253.34
-247.77
-251.57
-250.29
-219.53
-178.35
-196.85
-266.58
-322.78
-310.68
-203.66
-98.94
-96.42
-27.57
163.95
149.58
-74.78
-218.97
-247.03
-267.26
-274.11
-190.37
-64.87
7.65
-41.66
-157.77
-218.47
-228.85
-203.74
-170.98
-168.73
-200.48
-221.43
-163.72
-99.78
-103.71
-113.66
-112.99
-146.27
-127.76
-50.43
-31.97
-55.92
-101.58
-164.59
-193.23
-182.96
-179.25
-204.77
-195.71
-169.10
-209.21
-217.34
-120.70
-40.68
-55.70
-79.62
-60.65
-100.19
-180.33
-190.97
-172.63
-116.94
-41.77
-7.35
6.30
-60.53
-175.78
-211.57
-142.04
-49.90
-38.33
-109.58
-179.48
-224.87
-237.86
-188.85
-160.05
-150.51
-129.50
-134.09
-105.67
-70.18
-129.98
-244.25
-267.36
-193.96
-103.92
-49.04
-64.53
-65.19
-64.28
-121.17
-130.51
-135.72
-234.93
-251.43
-106.39
-17.82
-59.37
-99.30
-99.30
-114.02
-150.18
-166.09
-191.76
-233.86
-241.35
-201.03
-151.18
-120.15
-99.85
-141.76
-216.88
-209.47
-196.48
-244.37
-156.01
66.44
101.27
-67.21
-168.65
-139.20
-96.56
-117.90
-132.55
-95.06
-78.30
-117.41
-171.92
-151.54
-97.16
-100.39
-126.50
-164.38
-139.46
-46.88
-52.28
-137.78
-141.28
-73.60
-115.16
-197.63
-209.94
-235.82
-258.70
-307.00
-399.26
-401.57
-290.98
-248.00
-280.76
-228.91
-174.39
-152.50
-57.39
5.28
-64.34
-121.22
-103.27
-110.79
-122.33
-132.27
-176.65
-203.41
-144.68
-65.00
-113.06
-239.29
-238.73
-90.40
1.41
-44.25
-125.93
-166.06
-158.69
-108.69
-24.85
43.72
37.74
-51.89
-173.63
-203.15
-156.03
-144.15
-122.42
-103.07
-126.21
-170.24
-227.64
-238.82
-161.17
-121.39
-243.09
-393.85
-356.76
-132.28
-0.48
-78.76
-169.71
-168.24
-144.18
-170.32
-223.28
-219.14
-160.20
-144.76
-169.15
-167.54
-145.58
-139.28
-137.30
-123.70
-105.01
-97.85
-135.26
-178.31
-191.17
-149.85
-58.16
-24.46
-62.03
-97.40
-163.34
-225.95
-167.13
-95.87
-170.02
-253.55
-207.64
-136.63
-160.06
-160.06
-21.26
49.62
-52.99
-135.23
-91.42
-49.93
-119.08
-163.24
-90.91
-24.25
-16.65
-53.35
-106.91
-95.61
-56.07
-89.71
-146.86
-184.14
-88.95
59.70
-79.94
-213.75
-94.11
-7.39
13.29
28.40
7.89
-47.81
-172.81
-303.76
-280.50
-131.76
-35.44
-75.72
-157.88
-174.99
-161.19
-151.82
-116.46
-110.30
-167.93
-206.66
-202.19
-174.91
-157.51
-166.77
-164.92
-177.85
-198.55
-189.48
-181.58
-177.23
-183.24
-198.09
-205.30
-211.80
-218.74
-210.18
-178.95
-140.72
-110.62
-97.42
-81.01
-107.85
-257.03
-353.40
-226.00
-86.48
-105.00
-148.56
-116.07
-31.36
71.65
132.31
9.57
-272.26
-391.88
-289.39
-149.99
-32.95
-4.26
-1.36
61.52
61.52
-35.02
-162.68
-223.29
-109.39
-10.80
-114.87
-275.45
-271.32
-152.47
-157.77
-164.70
-65.49
-70.97
-46.10
60.45
-34.93
-197.98
-223.53
-223.53
-250.51
-252.40
-254.21
-233.59
-164.43
-137.09
-95.07
-87.48
-207.07
-197.22
-74.46
-73.20
-173.34
-142.80
19.02
-58.35
-198.60
-191.31
-205.07
-203.27
-194.25
-197.85
-155.31
-116.31
-155.22
-192.67
-191.65
-182.07
-163.85
-49.93
97.81
38.02
-64.96
-134.10
-247.20
-264.68
-262.15
-294.72
-183.14
4.01
4.78
-131.79
-146.21
-26.27
-14.51
-132.73
-199.89
-219.77
-242.05
-273.21
-166.90
86.27
145.49
14.20
-91.41
-65.59
-27.09
-112.13
-205.20
-279.25
-280.91
-220.19
-183.99
-175.19
-208.67
-209.34
-125.38
-47.85
-29.15
-71.19
-175.23
-281.52
-301.43
-256.81
-218.38
-173.65
-128.88
-98.18
-101.80
-149.07
-205.35
-247.95
-243.53
-178.60
-88.47
-76.41
-167.42
-220.05
-186.08
-171.57
-218.83
-237.96
-189.24
-168.45
-234.14
-275.18
-231.93
-195.27
-190.49
-184.92
-167.54
-158.51
-186.10
-233.26
-254.26
-243.51
-217.00
-155.90
-63.73
-48.25
-94.69
-104.98
-149.52
-173.74
-100.02
-75.73
-117.37
-118.26
-121.95
-149.22
-154.37
-196.77
-269.41
-226.52
-128.65
-138.90
-149.67
-97.82
-96.10
-90.02
-74.00
-111.41
-142.51
-161.65
-151.91
-82.79
-39.44
-88.70
-224.74
-332.04
-246.60
-95.78
-96.86
-177.79
-175.99
-102.75
-99.96
-205.18
-253.77
-153.96
-57.40
-59.65
-94.41
-134.26
-190.09
-239.19
-221.65
-161.59
-161.59
-227.57
-283.44
-239.31
-139.20
-157.22
-254.64
-296.39
-293.24
-246.97
-163.44
-167.13
-260.80
-266.45
-178.15
-129.32
-135.22
-147.47
-165.36
-201.47
-242.38
-255.79
-237.38
-212.90
-209.95
-190.78
-151.13
-116.56
-67.71
-78.68
-131.24
-106.21
-75.65
-119.87
-136.75
-110.70
-114.24
-60.71
26.64
-24.31
-133.36
-146.42
-86.80
-37.10
-54.40
-99.27
-89.54
-70.83
-57.43
-51.77
-105.09
-148.89
-162.29
-158.50
-137.76
-165.77
-211.88
-179.80
